04:57:07.340 ,0.0,0.0,0.0,0.0,0.0,0.0
04:57:07.365 ,13.0,6.0,0.3190680038802134,0.14726215563702155,3.190680038802134,1.4726215563702154
04:57:07.373 ,39.0,23.0,0.9572040116406401,0.5645049299419159,9.5720401164064,5.645049299419159
04:57:07.380 ,39.0,47.0,0.9572040116406401,1.1535535524900022,9.5720401164064,11.535535524900023
04:57:07.391 ,39.0,47.0,0.9572040116406401,1.1535535524900022,9.5720401164064,11.535535524900023
04:57:07.402 ,71.0,71.0,1.7426021750380885,1.7426021750380885,17.426021750380883,17.426021750380883
04:57:07.421 ,107.0,94.0,2.6261751088602177,2.3071071049800045,26.261751088602175,23.071071049800047
04:57:07.442 ,145.0,119.0,3.5588354278946874,2.9206994201342606,35.58835427894687,27.734372644972392
04:57:07.462 ,188.0,146.0,4.614214209960009,3.5833791205008576,42.95146206079795,30.188741905589417
04:57:07.481 ,226.0,170.0,5.546874528994478,4.172427743048944,45.896705173538386,30.188741905589417
04:57:07.501 ,267.0,186.0,6.553165925847459,4.565126824747668,47.6147636559703,28.2252464970958
04:57:07.522 ,301.0,203.0,7.387651474457248,4.9823695990525625,47.6147636559703,26.752624940725582
04:57:07.542 ,340.0,223.0,8.344855486097888,5.473243451175968,47.860200582032,25.52544031041707
04:57:07.562 ,382.0,247.0,9.375690575557039,6.062292073724054,48.10563750809371,24.78912953223196
04:57:07.582 ,426.0,272.0,10.45561305022853,6.675884388878311,49.08738521234052,25.034566458293664
04:57:07.601 ,471.0,298.0,11.560079217506193,7.314020396638737,50.56000676871073,27.48893571891069
04:57:07.621 ,518.0,320.0,12.713632769996194,7.853981633974483,52.76893910326606,28.716120349219203
04:57:07.642 ,561.0,342.0,13.769011552061516,8.393942871310228,54.24156065963628,29.206994201342606
04:57:07.662 ,604.0,366.0,14.824390334126836,8.982991493858314,53.99612373357457,29.206994201342606
04:57:07.681 ,640.0,390.0,15.707963267948966,9.5720401164064,52.52350217720435,28.961557275280903
04:57:07.706 ,676.0,413.0,16.591536201771095,10.136545046348317,50.31456984264903,28.2252464970958
04:57:07.721 ,720.0,436.0,17.671458676442587,10.701049976290232,49.57825906446392,28.470683423157503
04:57:07.741 ,764.0,458.0,18.751381151114078,11.241011213625978,49.33282213840222,28.470683423157503
04:57:07.762 ,808.0,481.0,19.83130362578557,11.805516143567894,50.06913291658733,28.2252464970958
04:57:07.788 ,852.0,504.0,20.91122610045706,12.370021073509811,52.03262832508095,27.979809571034092
04:57:07.806 ,900.0,527.0,22.089323345553233,12.934526003451726,54.48699758569798,27.979809571034092
04:57:07.821 ,946.0,548.0,23.218333205437066,13.449943548181302,55.714182216006485,27.48893571891069
04:57:07.841 ,994.0,567.0,24.396430450533238,13.916273707698537,56.941366846315006,26.752624940725582
04:57:07.862 ,1041.0,584.0,25.54998400302324,14.33351648200343,57.677677624500106,25.280003384355364
04:57:07.881 ,1088.0,600.0,26.703537555513243,14.726215563702155,57.923114550561806,23.561944901923447
04:57:07.902 ,1136.0,621.0,27.881634800609415,15.241633108431731,58.41398840268521,23.071071049800047
04:57:07.921 ,1182.0,643.0,29.010644660493245,15.781594345767477,57.923114550561806,23.316507975861747
04:57:07.940 ,1232.0,667.0,30.23782929080176,16.37064296831556,57.677677624500106,24.54369260617026
04:57:07.961 ,1278.0,692.0,31.36683915068559,16.98423528346982,57.432240698438406,26.50718801466388
04:57:07.981 ,1322.0,716.0,32.446761625357084,17.573283906017906,57.432240698438406,28.470683423157503
04:57:08.0 ,1367.0,737.0,33.55122779263474,18.088701450747482,56.6959299202533,28.470683423157503
04:57:08.21 ,1405.0,755.0,34.483888111669216,18.530487917658544,54.73243451175968,27.48893571891069
04:57:08.41 ,1444.0,775.0,35.44109212330985,19.02136176978195,52.03262832508095,26.50718801466388
04:57:08.61 ,1486.0,796.0,36.471927212769,19.536779314511527,51.54175447295755,25.52544031041707
04:57:08.81 ,1530.0,819.0,37.551849687440495,20.101284244453442,51.05088062083414,25.280003384355364
04:57:08.101 ,1575.0,842.0,38.65631585471816,20.665789174395357,51.05088062083414,25.770877236478775
04:57:08.121 ,1622.0,865.0,39.80986940720816,21.230294104337275,52.76893910326606,26.998061866787285
04:57:08.142 ,1666.0,888.0,40.88979188187965,21.79479903427919,54.48699758569798,27.734372644972392
04:57:08.164 ,1706.0,909.0,41.87153958612646,22.310216579008767,53.99612373357457,27.734372644972392
04:57:08.181 ,1745.0,927.0,42.8287435977671,22.752003045919828,52.76893910326606,26.50718801466388
04:57:08.201 ,1782.0,946.0,43.736860224195404,23.218333205437066,50.805443694772435,25.52544031041707
04:57:08.220 ,1824.0,968.0,44.76769531365455,23.75829444277281,50.06913291658733,25.280003384355364
04:57:08.240 ,1870.0,990.0,45.896705173538386,24.298255680108557,50.06913291658733,25.034566458293664
04:57:08.261 ,1913.0,1013.0,46.952083955603705,24.862760610050472,50.805443694772435,25.52544031041707
04:57:08.281 ,1961.0,1037.0,48.13018120069988,25.45180923259856,52.52350217720435,26.998061866787285
04:57:08.301 ,2004.0,1062.0,49.1855599827652,26.065401547752813,54.48699758569798,28.470683423157503
04:57:08.320 ,2045.0,1086.0,50.19185137961818,26.6544501703009,54.24156065963628,28.961557275280903
04:57:08.340 ,2083.0,1109.0,51.12451169865265,27.218955100242816,52.76893910326606,29.206994201342606
04:57:08.361 ,2121.0,1131.0,52.057172017687115,27.75891633757856,50.56000676871073,28.961557275280903
04:57:08.381 ,2164.0,1154.0,53.11255079975244,28.32342126752048,49.82369599052562,28.716120349219203
04:57:08.400 ,2206.0,1176.0,54.143385889211594,28.863382504856226,49.57825906446392,27.979809571034092
04:57:08.421 ,2249.0,1199.0,55.19876467127691,29.42788743479814,50.06913291658733,27.734372644972392
04:57:08.441 ,2296.0,1222.0,56.352318223766915,29.992392364740056,51.78719139901925,27.734372644972392
04:57:08.460 ,2338.0,1245.0,57.38315331322607,30.55689729468197,53.75068680751287,27.979809571034092
04:57:08.481 ,2382.0,1267.0,58.46307578789756,31.096858532017716,53.505249881451164,27.734372644972392
04:57:08.501 ,2417.0,1290.0,59.322105029113516,31.661363461959635,51.78719139901925,27.979809571034092
04:57:08.521 ,2457.0,1312.0,60.30385273336032,32.20132469929538,51.05088062083414,27.734372644972392
04:57:08.540 ,2502.0,1334.0,61.40831890063799,32.74128593663112,50.56000676871073,27.48893571891069
04:57:08.561 ,2547.0,1357.0,62.51278506791565,33.30579086657304,50.56000676871073,27.48893571891069
04:57:08.581 ,2592.0,1379.0,63.61725123519331,33.84575210390879,51.54175447295755,27.48893571891069
04:57:08.602 ,2634.0,1401.0,64.64808632465247,34.38571334124453,53.25981295538946,27.24349879284899
04:57:08.621 ,2679.0,1421.0,65.75255249193012,34.87658719336794,54.48699758569798,26.752624940725582
04:57:08.640 ,2723.0,1439.0,66.83247496660161,35.318373660279,54.24156065963628,25.770877236478775
04:57:08.661 ,2759.0,1458.0,67.71604790042375,35.784703819796235,52.52350217720435,24.78912953223196
04:57:08.681 ,2795.0,1480.0,68.59962083424587,36.32466505713198,50.31456984264903,24.78912953223196
04:57:08.701 ,2839.0,1503.0,69.67954330891736,36.8891699870739,50.31456984264903,25.034566458293664
04:57:08.722 ,2883.0,1526.0,70.75946578358885,37.45367491701582,50.06913291658733,25.770877236478775
04:57:08.740 ,2930.0,1550.0,71.91301933607886,38.0427235395639,50.805443694772435,27.24349879284899
04:57:08.762 ,2975.0,1574.0,73.01748550335653,38.631772162111986,52.52350217720435,28.470683423157503
04:57:08.781 ,3018.0,1598.0,74.07286428542184,39.22082078466007,54.73243451175968,28.961557275280903
04:57:08.801 ,3062.0,1621.0,75.15278676009333,39.78532571460199,54.73243451175968,28.961557275280903
04:57:08.821 ,3101.0,1643.0,76.10999077173398,40.325286951937734,53.505249881451164,28.716120349219203
04:57:08.841 ,3137.0,1665.0,76.9935637055561,40.86524818927348,51.29631754689584,28.2252464970958
04:57:08.862 ,3180.0,1687.0,78.04894248762142,41.405209426609225,50.805443694772435,27.734372644972392
04:57:08.880 ,3223.0,1710.0,79.10432126968675,41.969714356551144,50.31456984264903,27.48893571891069
04:57:08.901 ,3267.0,1734.0,80.18424374435824,42.55876297909923,50.31456984264903,27.734372644972392
04:57:08.921 ,3312.0,1756.0,81.28870991163589,43.098724216434974,51.78719139901925,27.734372644972392
04:57:08.941 ,3356.0,1777.0,82.36863238630738,43.61414176116455,53.75068680751287,27.48893571891069
04:57:08.961 ,3401.0,1796.0,83.47309855358505,44.08047192068179,53.75068680751287,26.752624940725582
04:57:08.981 ,3438.0,1814.0,84.38121518001336,44.52225838759285,52.27806525114265,25.52544031041707
04:57:09.1 ,3477.0,1834.0,85.33841919165398,45.013132239716256,51.54175447295755,24.54369260617026
04:57:09.21 ,3522.0,1856.0,86.44288535893165,45.553093477052,51.54175447295755,24.54369260617026
04:57:09.41 ,3566.0,1878.0,87.52280783360314,46.09305471438775,51.54175447295755,24.78912953223196
04:57:09.61 ,3614.0,1901.0,88.70090507869932,46.65755964432966,52.27806525114265,25.770877236478775
04:57:09.81 ,3659.0,1925.0,89.80537124597697,47.24660826687775,54.24156065963628,27.24349879284899
04:57:09.101 ,3702.0,1949.0,90.8607500280423,47.835656889425834,55.22330836388308,28.2252464970958
04:57:09.121 ,3747.0,1973.0,91.96521619531995,48.42470551197392,54.73243451175968,28.716120349219203
04:57:09.140 ,3784.0,1995.0,92.87333282174826,48.964666749309664,53.505249881451164,28.716120349219203
04:57:09.161 ,3822.0,2017.0,93.80599314078273,49.50462798664541,51.05088062083414,28.470683423157503
04:57:09.181 ,3865.0,2040.0,94.86137192284805,50.06913291658733,50.56000676871073,28.2252464970958
04:57:09.201 ,3908.0,2063.0,95.91675070491337,50.63363784652925,50.06913291658733,27.979809571034092
04:57:09.220 ,3951.0,2086.0,96.97212948697869,51.19814277647116,50.56000676871073,27.734372644972392
04:57:09.241 ,3997.0,2109.0,98.10113934686252,51.76264770641308,52.27806525114265,27.979809571034092
04:57:09.260 ,4042.0,2131.0,99.20560551414019,52.30260894374882,54.48699758569798,27.979809571034092
04:57:09.281 ,4085.0,2155.0,100.2609842962055,52.89165756629691,54.48699758569798,28.2252464970958
04:57:09.300 ,4125.0,2177.0,101.24273200045232,53.43161880363265,53.75068680751287,27.979809571034092
04:57:09.321 ,4161.0,2201.0,102.12630493427444,54.02066742618074,51.54175447295755,28.2252464970958
04:57:09.341 ,4203.0,2223.0,103.1571400237336,54.56062866351648,50.56000676871073,27.979809571034092
04:57:09.361 ,4248.0,2246.0,104.26160619101125,55.1251335934584,49.82369599052562,28.2252464970958
04:57:09.381 ,4292.0,2268.0,105.34152866568274,55.665094830794146,50.06913291658733,27.734372644972392
04:57:09.402 ,4335.0,2291.0,106.39690744774808,56.229599760736065,51.54175447295755,27.979809571034092
04:57:09.420 ,4379.0,2314.0,107.47682992241957,56.794104690677976,53.505249881451164,27.734372644972392
04:57:09.441 ,4420.0,2336.0,108.48312131927254,57.33406592801372,53.25981295538946,27.734372644972392
04:57:09.461 ,4458.0,2358.0,109.41578163830701,57.87402716534947,51.78719139901925,27.48893571891069
04:57:09.482 ,4498.0,2381.0,110.39752934255382,58.438532095291386,50.56000676871073,27.48893571891069
04:57:09.500 ,4542.0,2402.0,111.47745181722532,58.95394964002096,50.31456984264903,27.24349879284899
04:57:09.521 ,4584.0,2425.0,112.50828690668446,59.51845456996288,50.31456984264903,27.24349879284899
04:57:09.540 ,4628.0,2448.0,113.58820938135595,60.082959499904796,51.05088062083414,27.48893571891069
04:57:09.561 ,4675.0,2470.0,114.74176293384596,60.62292073724054,53.01437602932776,27.48893571891069
04:57:09.581 ,4718.0,2493.0,115.79714171591128,61.18742566718245,54.24156065963628,27.734372644972392
04:57:09.601 ,4759.0,2516.0,116.80343311276427,61.75193059712437,53.75068680751287,27.979809571034092
04:57:09.621 ,4797.0,2538.0,117.73609343179874,62.29189183446012,51.78719139901925,27.734372644972392
04:57:09.641 ,4830.0,2559.0,118.54603528780235,62.80730937918969,49.57825906446392,27.24349879284899
04:57:09.660 ,4873.0,2581.0,119.60141406986767,63.347270616525435,48.596511360217114,27.24349879284899
04:57:09.681 ,4916.0,2604.0,120.65679285193299,63.911775546467354,48.10563750809371,27.24349879284899
04:57:09.701 ,4959.0,2627.0,121.71217163399831,64.47628047640927,49.08738521234052,27.24349879284899
04:57:09.721 ,5004.0,2649.0,122.81663780127597,65.01624171374502,51.05088062083414,27.24349879284899
04:57:09.741 ,5049.0,2671.0,123.92110396855364,65.55620295108076,53.75068680751287,27.48893571891069
04:57:09.760 ,5095.0,2691.0,125.05011382843747,66.04707680320416,54.48699758569798,26.998061866787285
04:57:09.781 ,5132.0,2709.0,125.95823045486577,66.48886327011523,53.505249881451164,25.770877236478775
04:57:09.801 ,5167.0,2728.0,126.81725969608172,66.95519342963246,51.05088062083414,24.78912953223196
04:57:09.820 ,5209.0,2750.0,127.84809478554088,67.4951546669682,50.31456984264903,24.78912953223196
04:57:09.841 ,5253.0,2772.0,128.92801726021236,68.03511590430395,50.06913291658733,24.78912953223196
04:57:09.861 ,5297.0,2795.0,130.00793973488385,68.59962083424587,49.57825906446392,25.52544031041707
04:57:09.882 ,5339.0,2819.0,131.03877482434302,69.18866945679396,50.805443694772435,26.998061866787285
04:57:09.901 ,5383.0,2843.0,132.1186972990145,69.77771807934205,53.01437602932776,28.2252464970958
04:57:09.921 ,5426.0,2866.0,133.17407608107982,70.34222300928396,53.25981295538946,28.470683423157503
04:57:09.941 ,5465.0,2889.0,134.13128009272046,70.90672793922587,52.03262832508095,28.716120349219203
04:57:09.961 ,5501.0,2911.0,135.0148530265426,71.44668917656162,50.56000676871073,28.470683423157503
04:57:09.980 ,5545.0,2932.0,136.0947755012141,71.96210672129119,49.82369599052562,27.734372644972392
04:57:10.0 ,5587.0,2954.0,137.12561059067323,72.50206795862694,50.06913291658733,27.24349879284899
04:57:10.21 ,5632.0,2976.0,138.23007675795088,73.04202919596268,50.56000676871073,26.998061866787285
04:57:10.41 ,5677.0,2999.0,139.33454292522856,73.6065341259046,52.03262832508095,26.998061866787285
04:57:10.61 ,5724.0,3021.0,140.48809647771856,74.14649536324035,54.24156065963628,26.998061866787285
04:57:10.80 ,5764.0,3041.0,141.46984418196539,74.63736921536376,54.24156065963628,26.752624940725582
04:57:10.101 ,5803.0,3058.0,142.427048193606,75.05461198966866,53.01437602932776,25.52544031041707
04:57:10.121 ,5840.0,3078.0,143.33516482003432,75.54548584179206,51.05088062083414,25.034566458293664
04:57:10.141 ,5884.0,3100.0,144.4150872947058,76.0854470791278,50.805443694772435,24.78912953223196
04:57:10.160 ,5927.0,3123.0,145.47046607677112,76.64995200906972,50.31456984264903,25.034566458293664
04:57:10.181 ,5974.0,3147.0,146.6240196292611,77.2390006316178,51.05088062083414,26.016314162540475
04:57:10.201 ,6018.0,3170.0,147.7039421039326,77.80350556155972,52.76893910326606,27.48893571891069
04:57:10.220 ,6062.0,3194.0,148.7838645786041,78.39255418410781,54.48699758569798,28.470683423157503
04:57:10.241 ,6105.0,3214.0,149.83924336066943,78.88342803623121,54.24156065963628,27.979809571034092
04:57:10.261 ,6145.0,3233.0,150.82099106491623,79.34975819574845,52.76893910326606,26.998061866787285
04:57:10.281 ,6184.0,3251.0,151.77819507655687,79.7915446626595,51.54175447295755,25.52544031041707
04:57:10.301 ,6225.0,3271.0,152.78448647340986,80.28241851478292,50.805443694772435,24.78912953223196
04:57:10.321 ,6269.0,3294.0,153.86440894808135,80.84692344472484,50.805443694772435,24.54369260617026
04:57:10.341 ,6312.0,3317.0,154.91978773014668,81.41142837466674,50.805443694772435,25.280003384355364
04:57:10.361 ,6360.0,3340.0,156.09788497524283,81.97593330460866,52.76893910326606,26.261751088602175
04:57:10.380 ,6402.0,3362.0,157.128720064702,82.5158945419444,53.99612373357457,27.24349879284899
04:57:10.401 ,6445.0,3384.0,158.1840988467673,83.05585577928015,53.99612373357457,27.734372644972392
04:57:10.421 ,6486.0,3403.0,159.1903902436203,83.52218593879739,52.76893910326606,26.752624940725582
04:57:10.441 ,6520.0,3422.0,160.0248757922301,83.98851609831462,51.05088062083414,25.770877236478775
04:57:10.461 ,6563.0,3443.0,161.0802545742954,84.5039336430442,49.82369599052562,25.280003384355364
04:57:10.481 ,6608.0,3466.0,162.18472074157307,85.06843857298611,50.06913291658733,25.52544031041707
04:57:10.501 ,6650.0,3489.0,163.21555583103222,85.63294350292803,50.31456984264903,25.770877236478775
04:57:10.523 ,6695.0,3513.0,164.32002199830987,86.22199212547612,51.54175447295755,26.998061866787285
04:57:10.541 ,6740.0,3535.0,165.42448816558755,86.76195336281187,53.99612373357457,27.734372644972392
04:57:10.560 ,6785.0,3556.0,166.5289543328652,87.27737090754144,54.48699758569798,27.734372644972392
04:57:10.581 ,6821.0,3574.0,167.41252726668733,87.71915737445251,52.76893910326606,26.50718801466388
04:57:10.601 ,6856.0,3592.0,168.27155650790328,88.16094384136358,50.56000676871073,25.280003384355364
04:57:10.622 ,6899.0,3614.0,169.32693528996862,88.70090507869932,49.33282213840222,24.78912953223196
04:57:10.643 ,6940.0,3636.0,170.3332266868216,89.24086631603507,49.08738521234052,24.78912953223196
04:57:10.661 ,6984.0,3658.0,171.4131491614931,89.78082755337081,49.33282213840222,25.034566458293664
04:57:10.681 ,7032.0,3682.0,172.59124640658925,90.36987617591889,51.29631754689584,26.50718801466388
04:57:10.701 ,7074.0,3705.0,173.62208149604842,90.93438110586081,53.505249881451164,27.734372644972392
04:57:10.721 ,7116.0,3728.0,174.65291658550757,91.49888603580273,53.75068680751287,27.979809571034092
04:57:10.741 ,7155.0,3750.0,175.6101205971482,92.03884727313847,52.27806525114265,27.979809571034092
04:57:10.761 ,7190.0,3772.0,176.46914983836416,92.57880851047422,50.56000676871073,27.979809571034092
04:57:10.781 ,7235.0,3794.0,177.5736160056418,93.11876974780996,49.82369599052562,27.48893571891069
04:57:10.801 ,7276.0,3816.0,178.5799074024948,93.65873098514571,49.57825906446392,27.24349879284899
04:57:10.821 ,7320.0,3838.0,179.6598298771663,94.19869222248145,50.06913291658733,26.998061866787285
04:57:10.841 ,7364.0,3862.0,180.73975235183778,94.78774084502955,51.78719139901925,27.48893571891069
04:57:10.861 ,7407.0,3886.0,181.7951311339031,95.37678946757762,53.25981295538946,27.979809571034092
04:57:10.881 ,7449.0,3909.0,182.82596622336226,95.94129439751954,52.52350217720435,28.2252464970958
04:57:10.900 ,7484.0,3930.0,183.6849954645782,96.45671194224911,51.05088062083414,27.979809571034092
04:57:10.921 ,7520.0,3952.0,184.56856839840034,96.99667317958486,49.08738521234052,27.979809571034092
04:57:10.944 ,7563.0,3975.0,185.62394718046568,97.56117810952678,48.84194828627882,27.734372644972392
04:57:10.960 ,7609.0,3998.0,186.7529570403495,98.1256830394687,49.08738521234052,27.24349879284899
04:57:10.981 ,7654.0,4021.0,187.85742320762716,98.69018796941062,50.31456984264903,27.24349879284899
04:57:11.1 ,7697.0,4042.0,188.91280198969247,99.20560551414019,52.27806525114265,27.48893571891069
04:57:11.20 ,7740.0,4062.0,189.9681807717578,99.69647936626359,53.99612373357457,26.998061866787285
04:57:11.42 ,7783.0,4079.0,191.02355955382313,100.11372214056848,53.99612373357457,25.52544031041707
04:57:11.63 ,7822.0,4098.0,191.98076356546377,100.58005230008573,52.27806525114265,24.78912953223196
04:57:11.80 ,7856.0,4119.0,192.81524911407357,101.0954698448153,50.06913291658733,24.298255680108557
04:57:11.101 ,7898.0,4141.0,193.8460842035327,101.63543108215104,49.33282213840222,24.298255680108557
04:57:11.129 ,7942.0,4165.0,194.9260066782042,102.22447970469912,49.57825906446392,25.280003384355364
04:57:11.141 ,7986.0,4188.0,196.0059291528757,102.78898463464104,49.82369599052562,26.752624940725582
04:57:11.160 ,8031.0,4213.0,197.11039532015334,103.4025769497953,51.54175447295755,28.2252464970958
04:57:11.181 ,8076.0,4235.0,198.21486148743102,103.94253818713105,53.99612373357457,28.470683423157503
04:57:11.200 ,8122.0,4256.0,199.34387134731483,104.45795573186062,54.97787143782138,28.2252464970958
04:57:11.222 ,8165.0,4276.0,200.39925012938016,104.94882958398402,54.73243451175968,27.24349879284899
04:57:11.242 ,8203.0,4294.0,201.33191044841465,105.39061605089509,53.25981295538946,26.016314162540475
04:57:11.261 ,8240.0,4314.0,202.24002707484294,105.88148990301849,50.805443694772435,24.78912953223196
04:57:11.282 ,8280.0,4336.0,203.22177477908974,106.42145114035424,50.06913291658733,24.78912953223196
04:57:11.301 ,8325.0,4359.0,204.3262409463674,106.98595607029615,49.08738521234052,25.280003384355364
04:57:11.321 ,8366.0,4383.0,205.33253234322038,107.57500469284425,49.33282213840222,26.261751088602175
04:57:11.342 ,8410.0,4406.0,206.41245481789187,108.13950962278616,50.805443694772435,27.48893571891069
04:57:11.361 ,8454.0,4428.0,207.49237729256336,108.67947086012191,53.01437602932776,27.979809571034092
04:57:11.381 ,8496.0,4451.0,208.5232123820225,109.24397579006383,53.01437602932776,28.2252464970958
04:57:11.401 ,8533.0,4474.0,209.43132900845083,109.80848072000573,51.54175447295755,28.2252464970958
04:57:11.421 ,8572.0,4495.0,210.38853302009144,110.32389826473532,50.06913291658733,27.48893571891069
04:57:11.441 ,8615.0,4517.0,211.44391180215678,110.86385950207107,49.57825906446392,27.24349879284899
04:57:11.469 ,8660.0,4540.0,212.54837796943443,111.42836443201297,50.06913291658733,27.48893571891069
04:57:11.492 ,8704.0,4562.0,213.62830044410595,111.96832566934872,52.52350217720435,27.24349879284899
04:57:11.517 ,8747.0,4585.0,214.68367922617125,112.53283059929063,52.52350217720435,27.48893571891069
04:57:11.550 ,8836.0,4629.0,216.86806786812042,113.61275307396212,54.73243451175968,27.48893571891069
04:57:11.560 ,8877.0,4649.0,217.87435926497338,114.10362692608554,53.75068680751287,26.752624940725582
04:57:11.572 ,8877.0,4649.0,217.87435926497338,114.10362692608554,51.78719139901925,26.752624940725582
04:57:11.581 ,8915.0,4666.0,218.80701958400786,114.52086970039042,51.78719139901925,25.52544031041707
04:57:11.601 ,8945.0,4683.0,219.54333036219296,114.93811247469532,48.596511360217114,24.052818754046854
04:57:11.620 ,8975.0,4699.0,220.27964114037806,115.33081155639404,44.424083617168165,22.580197197676636
04:57:11.642 ,9016.0,4718.0,221.28593253723105,115.79714171591128,44.178646691106465,21.843886419491533
04:57:11.661 ,9060.0,4738.0,222.36585501190254,116.28801556803468,44.424083617168165,21.843886419491533
04:57:11.681 ,9102.0,4760.0,223.39669010136168,116.82797680537043,46.14214209960009,23.071071049800047
04:57:11.700 ,9146.0,4783.0,224.47661257603318,117.39248173531234,49.33282213840222,24.54369260617026
04:57:11.721 ,9191.0,4808.0,225.58107874331085,118.00607405046661,53.01437602932776,26.752624940725582
04:57:11.740 ,9228.0,4833.0,226.48919536973915,118.61966636562086,51.54175447295755,28.2252464970958
04:57:11.761 ,9262.0,4855.0,227.32368091834894,119.1596276029566,49.57825906446392,28.716120349219203
04:57:11.781 ,9301.0,4876.0,228.28088492998958,119.67504514768618,48.84194828627882,28.470683423157503
04:57:11.801 ,9346.0,4896.0,229.38535109726723,120.16591899980959,48.35107443415541,27.734372644972392
04:57:11.821 ,9387.0,4918.0,230.39164249412022,120.70588023714534,48.596511360217114,26.998061866787285
04:57:11.842 ,9433.0,4941.0,231.52065235400406,121.27038516708726,50.31456984264903,26.50718801466388
04:57:11.860 ,9474.0,4963.0,232.52694375085704,121.810346404423,52.52350217720435,26.50718801466388
04:57:11.881 ,9518.0,4986.0,233.60686622552853,122.3748513343649,52.76893910326606,26.998061866787285
04:57:11.901 ,9553.0,5009.0,234.46589546674448,122.93935626430682,51.29631754689584,27.734372644972392
04:57:11.921 ,9589.0,5031.0,235.34946840056662,123.47931750164257,49.57825906446392,27.734372644972392
04:57:11.941 ,9635.0,5054.0,236.47847826045043,124.04382243158449,49.57825906446392,27.734372644972392
04:57:11.960 ,9678.0,5076.0,237.53385704251576,124.58378366892023,49.33282213840222,27.734372644972392
04:57:11.982 ,9721.0,5097.0,238.5892358245811,125.0992012136498,50.31456984264903,27.24349879284899
04:57:12.1 ,9766.0,5118.0,239.69370199185875,125.61461875837938,52.27806525114265,26.752624940725582
04:57:12.21 ,9810.0,5141.0,240.77362446653024,126.1791236883213,54.24156065963628,26.998061866787285
04:57:12.40 ,9855.0,5164.0,241.8780906338079,126.74362861826322,53.99612373357457,26.998061866787285
04:57:12.61 ,9894.0,5186.0,242.83529464544853,127.28358985559896,53.01437602932776,26.998061866787285
04:57:12.80 ,9928.0,5210.0,243.66978019405832,127.87263847814705,50.805443694772435,27.734372644972392
04:57:12.101 ,9973.0,5233.0,244.774246361336,128.43714340808896,50.06913291658733,28.2252464970958
04:57:12.120 ,10014.0,5255.0,245.78053775818898,128.9771046454247,50.06913291658733,27.979809571034092
04:57:12.144 ,10058.0,5277.0,246.86046023286048,129.51706588276045,50.06913291658733,27.734372644972392
04:57:12.162 ,10104.0,5300.0,247.98947009274428,130.08157081270238,52.03262832508095,27.979809571034092
04:57:12.187 ,10149.0,5322.0,249.09393626002196,130.62153205003813,54.24156065963628,27.48893571891069
04:57:12.211 ,10243.0,5344.0,251.40104336500195,131.16149328737387,56.20505606812989,27.24349879284899
04:57:12.233 ,10243.0,5367.0,251.40104336500195,131.72599821731578,55.959619142068185,27.48893571891069
04:57:12.244 ,10286.0,5388.0,252.4564221470673,132.24141576204536,55.959619142068185,27.24349879284899
04:57:12.261 ,10329.0,5407.0,253.5118009291326,132.70774592156258,54.73243451175968,26.016314162540475
04:57:12.282 ,10362.0,5423.0,254.32174278513622,133.1004450032613,51.54175447295755,24.78912953223196
04:57:12.306 ,10389.0,5439.0,254.98442248550282,133.49314408496005,47.12388980384689,23.316507975861747
04:57:12.325 ,10425.0,5456.0,255.86799541932496,133.91038685926492,44.66952054322987,21.843886419491533
04:57:12.343 ,10469.0,5476.0,256.9479178939964,134.40126071138835,44.91495746929157,21.598449493429825
04:57:12.361 ,10508.0,5497.0,257.9051219056371,134.9166782561179,44.424083617168165,22.334760271614936
04:57:12.381 ,10545.0,5520.0,258.8132385320654,135.48118318605984,45.40583132141498,23.80738182798515
04:57:12.401 ,10582.0,5544.0,259.7213551584937,136.0702318086079,47.3693267299086,25.770877236478775
04:57:12.420 ,10621.0,5568.0,260.6785591701343,136.659280431156,48.10563750809371,27.48893571891069
04:57:12.441 ,10663.0,5591.0,261.70939425959347,137.22378536109792,47.6147636559703,28.2252464970958
04:57:12.460 ,10707.0,5612.0,262.78931673426496,137.73920290582748,48.84194828627882,28.2252464970958
04:57:12.481 ,10753.0,5633.0,263.91832659414877,138.25462045055707,50.56000676871073,27.734372644972392
04:57:12.501 ,10796.0,5654.0,264.9737053762141,138.77003799528666,52.52350217720435,26.998061866787285
04:57:12.520 ,10840.0,5674.0,266.0536278508856,139.26091184741006,53.75068680751287,26.016314162540475
04:57:12.541 ,10881.0,5694.0,267.0599192477386,139.75178569953346,53.505249881451164,25.280003384355364
04:57:12.560 ,10920.0,5713.0,268.0171232593792,140.2181158590507,51.78719139901925,24.78912953223196
04:57:12.580 ,10954.0,5734.0,268.851608807989,140.73353340378026,49.82369599052562,24.78912953223196
04:57:12.600 ,10995.0,5756.0,269.857900204842,141.273494641116,48.84194828627882,25.034566458293664
04:57:12.620 ,11038.0,5779.0,270.9132789869073,141.83799957105794,48.596511360217114,25.770877236478775
04:57:12.640 ,11082.0,5801.0,271.9932014615788,142.37796080839368,49.33282213840222,26.261751088602175
04:57:12.661 ,11128.0,5824.0,273.12221132146266,142.94246573833559,51.29631754689584,27.24349879284899
04:57:12.680 ,11172.0,5845.0,274.20213379613415,143.45788328306517,53.505249881451164,27.24349879284899
04:57:12.701 ,11215.0,5864.0,275.25751257819945,143.92421344258238,53.99612373357457,26.50718801466388
04:57:12.721 ,11253.0,5883.0,276.19017289723394,144.39054360209963,52.76893910326606,25.52544031041707
04:57:12.740 ,11290.0,5902.0,277.09828952366223,144.85687376161687,50.31456984264903,24.78912953223196
04:57:12.760 ,11330.0,5923.0,278.08003722790903,145.37229130634645,49.57825906446392,24.298255680108557
04:57:12.781 ,11373.0,5946.0,279.13541600997434,145.93679623628836,49.33282213840222,24.78912953223196
04:57:12.800 ,11416.0,5969.0,280.1907947920397,146.50130116623026,49.33282213840222,25.770877236478775
04:57:12.821 ,11460.0,5992.0,281.2707172667112,147.0658060961722,50.805443694772435,26.752624940725582
04:57:12.841 ,11504.0,6014.0,282.3506397413827,147.60576733350794,52.76893910326606,27.48893571891069
04:57:12.860 ,11545.0,6036.0,283.3569311382356,148.1457285708437,52.76893910326606,27.734372644972392
04:57:12.880 ,11583.0,6056.0,284.2895914572701,148.6366024229671,51.05088062083414,26.998061866787285
04:57:12.900 ,11619.0,6077.0,285.17316439109226,149.15201996769667,49.82369599052562,26.50718801466388
04:57:12.920 ,11661.0,6099.0,286.2039994805514,149.69198120503242,49.33282213840222,26.261751088602175
04:57:12.942 ,11705.0,6122.0,287.28392195522287,150.25648613497432,49.33282213840222,26.50718801466388
04:57:12.960 ,11752.0,6144.0,288.43747550771286,150.79644737231007,50.31456984264903,26.50718801466388
04:57:12.981 ,11794.0,6165.0,289.46831059717204,151.31186491703966,52.27806525114265,26.752624940725582
04:57:13.1 ,11838.0,6187.0,290.5482330718435,151.8518261543754,53.75068680751287,26.998061866787285
04:57:13.21 ,11882.0,6205.0,291.628155546515,152.29361262128646,53.505249881451164,26.016314162540475
04:57:13.40 ,11918.0,6222.0,292.5117284803371,152.71085539559135,51.78719139901925,24.54369260617026
04:57:13.60 ,11952.0,6241.0,293.3462140289469,153.1771855551086,49.57825906446392,23.80738182798515
04:57:13.81 ,11994.0,6263.0,294.3770491184061,153.71714679244434,49.08738521234052,24.052818754046854
04:57:13.100 ,12036.0,6285.0,295.4078842078652,154.25710802978008,48.596511360217114,24.052818754046854
04:57:13.120 ,12080.0,6308.0,296.4878066825367,154.821612959722,49.08738521234052,25.280003384355364
04:57:13.141 ,12125.0,6332.0,297.5922728498144,155.41066158227008,51.05088062083414,26.998061866787285
04:57:13.160 ,12169.0,6356.0,298.67219532448587,155.99971020481817,53.25981295538946,28.2252464970958
04:57:13.180 ,12214.0,6380.0,299.77666149176355,156.58875882736626,53.505249881451164,28.716120349219203
04:57:13.200 ,12250.0,6400.0,300.66023442558566,157.07963267948966,52.52350217720435,28.2252464970958
04:57:13.220 ,12288.0,6420.0,301.59289474462014,157.57050653161306,51.05088062083414,27.48893571891069
04:57:13.241 ,12331.0,6441.0,302.64827352668544,158.08592407634265,50.56000676871073,26.752624940725582
04:57:13.260 ,12374.0,6463.0,303.7036523087508,158.6258853136784,50.31456984264903,26.261751088602175
04:57:13.281 ,12418.0,6486.0,304.7835747834223,159.1903902436203,50.56000676871073,26.016314162540475
04:57:13.301 ,12463.0,6510.0,305.8880409506999,159.7794388661684,52.27806525114265,26.998061866787285
04:57:13.320 ,12507.0,6533.0,306.9679634253714,160.3439437961103,53.75068680751287,27.734372644972392
04:57:13.340 ,12547.0,6553.0,307.9497111296182,160.8348176482337,53.01437602932776,27.48893571891069
04:57:13.361 ,12585.0,6575.0,308.8823714486527,161.37477888556944,51.05088062083414,27.48893571891069
04:57:13.381 ,12626.0,6598.0,309.8886628455057,161.93928381551137,50.56000676871073,27.48893571891069
04:57:13.401 ,12666.0,6620.0,310.8704105497525,162.47924505284712,49.82369599052562,26.998061866787285
04:57:13.420 ,12710.0,6642.0,311.95033302442397,163.01920629018286,49.82369599052562,26.752624940725582
04:57:13.440 ,12755.0,6665.0,313.05479919170165,163.58371122012477,51.05088062083414,27.48893571891069
04:57:13.461 ,12802.0,6687.0,314.20835274419164,164.12367245746051,53.25981295538946,27.48893571891069
04:57:13.480 ,12845.0,6708.0,315.26373152625695,164.6390900021901,54.24156065963628,26.998061866787285
04:57:13.500 ,12886.0,6725.0,316.27002292310993,165.056332776495,53.99612373357457,25.770877236478775
04:57:13.520 ,12923.0,6743.0,317.17813954953823,165.49811924340605,52.27806525114265,24.78912953223196
04:57:13.540 ,12959.0,6763.0,318.0617124833604,165.98899309552945,50.06913291658733,24.052818754046854
04:57:13.561 ,13001.0,6785.0,319.0925475728195,166.5289543328652,49.33282213840222,24.052818754046854
04:57:13.581 ,13046.0,6807.0,320.1970137400972,167.06891557020094,48.596511360217114,24.298255680108557
04:57:13.600 ,13088.0,6831.0,321.22784882955636,167.65796419274903,49.57825906446392,26.016314162540475
04:57:13.621 ,13135.0,6855.0,322.38140238204636,168.24701281529713,51.54175447295755,27.48893571891069
04:57:13.641 ,13179.0,6877.0,323.46132485671785,168.78697405263287,53.99612373357457,27.979809571034092
04:57:13.660 ,13221.0,6897.0,324.49215994617697,169.27784790475627,53.505249881451164,27.48893571891069
04:57:13.680 ,13257.0,6915.0,325.37573287999913,169.71963437166733,52.03262832508095,26.50718801466388
04:57:13.700 ,13295.0,6932.0,326.3083931990336,170.13687714597222,50.805443694772435,24.78912953223196
04:57:13.720 ,13340.0,6952.0,327.41285936631124,170.62775099809565,50.31456984264903,23.80738182798515
04:57:13.740 ,13382.0,6974.0,328.4436944557704,171.1677122354314,49.33282213840222,23.80738182798515
04:57:13.760 ,13425.0,6996.0,329.4990732378357,171.70767347276714,50.31456984264903,24.298255680108557
04:57:13.786 ,13469.0,7018.0,330.5789957125072,172.2476347101029,52.03262832508095,25.280003384355364
04:57:13.800 ,13512.0,7040.0,331.6343744945725,172.78759594743863,53.25981295538946,26.50718801466388
04:57:13.820 ,13555.0,7060.0,332.6897532766379,173.27846979956203,52.76893910326606,26.50718801466388
04:57:13.841 ,13591.0,7079.0,333.57332621046,173.74479995907927,51.78719139901925,25.770877236478775
04:57:13.860 ,13629.0,7098.0,334.50598652949446,174.2111301185965,49.57825906446392,25.034566458293664
04:57:13.880 ,13670.0,7118.0,335.51227792634745,174.70200397071991,49.33282213840222,24.54369260617026
04:57:13.901 ,13713.0,7139.0,336.56765670841276,175.21742151544947,49.33282213840222,24.298255680108557
04:57:13.921 ,13758.0,7162.0,337.67212287569043,175.7819264453914,50.06913291658733,25.034566458293664
04:57:13.942 ,13804.0,7184.0,338.80113273557424,176.32188768272715,52.27806525114265,25.770877236478775
04:57:13.960 ,13848.0,7207.0,339.88105521024573,176.88639261266906,54.24156065963628,26.752624940725582
04:57:13.980 ,13891.0,7230.0,340.93643399231104,177.45089754261096,53.75068680751287,27.48893571891069
04:57:14.1 ,13925.0,7254.0,341.77091954092083,178.03994616515905,52.03262832508095,27.734372644972392
04:57:14.20 ,13964.0,7274.0,342.7281235525615,178.53082001728245,49.82369599052562,27.48893571891069
04:57:14.40 ,14004.0,7294.0,343.7098712568083,179.02169386940588,49.08738521234052,26.998061866787285
04:57:14.61 ,14047.0,7316.0,344.7652500388736,179.56165510674163,48.84194828627882,26.752624940725582
04:57:14.80 ,14092.0,7338.0,345.8697162061513,180.10161634407737,49.33282213840222,26.50718801466388
04:57:14.101 ,14135.0,7361.0,346.9250949882166,180.66612127401928,51.54175447295755,26.50718801466388
04:57:14.120 ,14182.0,7383.0,348.0786485407066,181.20608251135502,53.505249881451164,26.752624940725582
04:57:14.140 ,14222.0,7402.0,349.06039624495344,181.67241267087226,53.505249881451164,26.50718801466388
04:57:14.168 ,14259.0,7419.0,349.96851287138173,182.08965544517716,52.03262832508095,25.280003384355364
04:57:14.181 ,14302.0,7438.0,351.02389165344704,182.55598560469437,51.54175447295755,24.54369260617026
04:57:14.200 ,14342.0,7460.0,352.00563935769384,183.09594684203012,50.805443694772435,24.298255680108557
04:57:14.222 ,14386.0,7482.0,353.08556183236533,183.63590807936586,50.56000676871073,24.298255680108557
04:57:14.241 ,14431.0,7504.0,354.190027999643,184.1758693167016,51.29631754689584,25.034566458293664
04:57:14.261 ,14475.0,7528.0,355.2699504743145,184.7649179392497,53.01437602932776,26.752624940725582
04:57:14.280 ,14519.0,7553.0,356.349872948986,185.37851025440398,53.75068680751287,28.2252464970958
04:57:14.305 ,14560.0,7576.0,357.356164345839,185.94301518434588,53.505249881451164,28.470683423157503
04:57:14.320 ,14598.0,7597.0,358.28882466487346,186.45843272907547,52.03262832508095,28.2252464970958
04:57:14.340 ,14634.0,7618.0,359.17239759869557,186.97385027380503,49.82369599052562,27.979809571034092
04:57:14.360 ,14676.0,7638.0,360.20323268815474,187.46472412592843,49.33282213840222,26.998061866787285
04:57:14.380 ,14722.0,7661.0,361.33224254803855,188.02922905587036,49.08738521234052,26.50718801466388
04:57:14.400 ,14765.0,7683.0,362.38762133010385,188.5691902932061,50.31456984264903,26.261751088602175
04:57:14.421 ,14811.0,7705.0,363.5166311899877,189.10915153054185,52.27806525114265,26.50718801466388
04:57:14.441 ,14856.0,7726.0,364.62109735726534,189.6245690752714,54.48699758569798,26.50718801466388
04:57:14.460 ,14899.0,7745.0,365.6764761393307,190.09089923478865,54.73243451175968,26.261751088602175
04:57:14.481 ,14939.0,7763.0,366.6582238435775,190.5326857016997,53.25981295538946,25.034566458293664
04:57:14.500 ,14972.0,7783.0,367.4681656995811,191.02355955382313,50.805443694772435,24.54369260617026
04:57:14.520 ,15012.0,7803.0,368.4499134038279,191.51443340594653,49.33282213840222,24.052818754046854
04:57:14.540 ,15057.0,7824.0,369.5543795711056,192.0298509506761,48.596511360217114,24.052818754046854
04:57:14.560 ,15098.0,7846.0,370.5606709679586,192.56981218801184,48.84194828627882,24.78912953223196
04:57:14.581 ,15143.0,7869.0,371.66513713523625,193.13431711795377,50.56000676871073,26.016314162540475
04:57:14.600 ,15187.0,7893.0,372.74505960990774,193.72336574050186,52.76893910326606,26.998061866787285
04:57:14.621 ,15229.0,7916.0,373.77589469936686,194.28787067044377,53.25981295538946,27.734372644972392
04:57:14.642 ,15265.0,7938.0,374.659467633189,194.8278319077795,51.54175447295755,27.979809571034092
04:57:14.661 ,15306.0,7959.0,375.66575903004195,195.3432494525091,50.31456984264903,27.734372644972392
04:57:14.680 ,15349.0,7979.0,376.7211378121073,195.8341233046325,50.06913291658733,26.998061866787285
04:57:14.700 ,15390.0,8001.0,377.7274292089603,196.37408454196824,49.82369599052562,26.50718801466388
04:57:14.720 ,15434.0,8023.0,378.8073516836318,196.914045779304,50.31456984264903,26.261751088602175
04:57:14.741 ,15481.0,8047.0,379.9609052361218,197.50309440185208,52.76893910326606,26.752624940725582
04:57:14.760 ,15522.0,8069.0,380.9671966329748,198.04305563918783,53.505249881451164,26.998061866787285
04:57:14.781 ,15563.0,8091.0,381.97348802982776,198.58301687652357,53.01437602932776,27.48893571891069
04:57:14.801 ,15600.0,8113.0,382.88160465625606,199.12297811385932,51.54175447295755,27.48893571891069
04:57:14.821 ,15636.0,8135.0,383.76517759007817,199.66293935119506,49.57825906446392,27.48893571891069
04:57:14.841 ,15679.0,8156.0,384.82055637214347,200.17835689592462,48.84194828627882,26.752624940725582
04:57:14.860 ,15723.0,8178.0,385.90047884681496,200.71831813326037,49.33282213840222,26.752624940725582
04:57:14.880 ,15768.0,8200.0,387.00494501409264,201.2582793705961,50.31456984264903,26.752624940725582
04:57:14.901 ,15814.0,8221.0,388.13395487397645,201.7736969153257,52.52350217720435,26.50718801466388
04:57:14.920 ,15859.0,8241.0,389.2384210412541,202.2645707674491,54.73243451175968,26.016314162540475
04:57:14.940 ,15904.0,8259.0,390.3428872085318,202.70635723436015,55.22330836388308,25.280003384355364
04:57:14.960 ,15944.0,8278.0,391.3246349127786,203.1726873938774,54.24156065963628,24.54369260617026
04:57:14.981 ,15980.0,8298.0,392.2082078466007,203.6635612460008,52.03262832508095,24.052818754046854
04:57:15.1 ,16019.0,8319.0,393.1654118582414,204.17897879073038,50.31456984264903,24.052818754046854
04:57:15.20 ,16062.0,8341.0,394.2207906403067,204.71894002806613,49.82369599052562,24.54369260617026
04:57:15.40 ,16106.0,8363.0,395.3007131149782,205.25890126540187,49.57825906446392,25.52544031041707
04:57:15.62 ,16152.0,8385.0,396.42972297486205,205.79886250273762,50.56000676871073,26.261751088602175
04:57:15.80 ,16195.0,8408.0,397.48510175692735,206.36336743267952,52.76893910326606,26.998061866787285
04:57:15.100 ,16236.0,8430.0,398.49139315378034,206.90332867001527,53.25981295538946,27.24349879284899
04:57:15.120 ,16273.0,8452.0,399.39950978020863,207.44328990735102,51.78719139901925,27.24349879284899
04:57:15.140 ,16314.0,8473.0,400.4058011770616,207.9587074520806,51.05088062083414,26.998061866787285
04:57:15.160 ,16357.0,8495.0,401.4611799591269,208.49866868941635,50.56000676871073,26.998061866787285
04:57:15.180 ,16401.0,8518.0,402.5411024337984,209.06317361935825,50.56000676871073,26.998061866787285
04:57:15.200 ,16446.0,8540.0,403.6455686010761,209.603134856694,51.54175447295755,26.998061866787285
04:57:15.221 ,16491.0,8562.0,404.7500347683537,210.14309609402974,53.505249881451164,26.998061866787285
04:57:15.240 ,16534.0,8582.0,405.8054135504191,210.63396994615317,53.99612373357457,26.752624940725582
04:57:15.260 ,16576.0,8601.0,406.8362486398782,211.10030010567039,53.75068680751287,26.016314162540475
04:57:15.280 ,16616.0,8618.0,407.817996344125,211.51754287997528,52.27806525114265,24.54369260617026
04:57:15.301 ,16648.0,8637.0,408.60339450752247,211.98387303949252,49.57825906446392,23.80738182798515
04:57:15.320 ,16691.0,8658.0,409.65877328958777,212.4992905842221,49.08738521234052,23.561944901923447
04:57:15.340 ,16736.0,8679.0,410.76323945686545,213.01470812895167,48.84194828627882,23.80738182798515
04:57:15.360 ,16781.0,8701.0,411.8677056241431,213.5546693662874,49.82369599052562,24.54369260617026
04:57:15.381 ,16826.0,8724.0,412.97217179142075,214.11917429622935,51.54175447295755,26.016314162540475
04:57:15.400 ,16869.0,8745.0,414.0275505734861,214.6345918409589,54.24156065963628,26.50718801466388
04:57:15.421 ,16911.0,8765.0,415.0583856629452,215.1254656930823,53.99612373357457,26.261751088602175
04:57:15.440 ,16952.0,8783.0,416.0646770597982,215.5672521599934,53.01437602932776,25.52544031041707
04:57:15.460 ,16986.0,8799.0,416.899162608408,215.9599512416921,50.31456984264903,24.052818754046854
04:57:15.481 ,17023.0,8818.0,417.8072792348363,216.42628140120934,48.84194828627882,23.071071049800047
04:57:15.501 ,17068.0,8839.0,418.911745402114,216.94169894593892,48.84194828627882,23.071071049800047
04:57:15.521 ,17109.0,8861.0,419.91803679896697,217.48166018327467,48.596511360217114,23.561944901923447
04:57:15.541 ,17154.0,8883.0,421.02250296624464,218.02162142061042,50.06913291658733,24.54369260617026
04:57:15.561 ,17198.0,8906.0,422.10242544091614,218.58612635055232,52.27806525114265,26.261751088602175
04:57:15.580 ,17240.0,8927.0,423.13326053037525,219.1015438952819,53.25981295538946,26.752624940725582
04:57:15.600 ,17277.0,8945.0,424.04137715680355,219.54333036219296,51.29631754689584,26.016314162540475
04:57:15.620 ,17315.0,8963.0,424.97403747583803,219.98511682910402,50.06913291658733,25.034566458293664
04:57:15.641 ,17357.0,8983.0,426.0048725652972,220.47599068122744,49.82369599052562,24.54369260617026
04:57:15.660 ,17403.0,9005.0,427.133882425181,221.0159519185632,49.82369599052562,24.298255680108557
04:57:15.680 ,17447.0,9028.0,428.2138048998525,221.5804568485051,50.31456984264903,24.78912953223196
04:57:15.701 ,17490.0,9050.0,429.2691836819178,222.12041808584084,52.27806525114265,25.770877236478775
04:57:15.720 ,17535.0,9071.0,430.3736498491955,222.63583563057043,54.24156065963628,26.50718801466388
04:57:15.741 ,17575.0,9091.0,431.3553975534423,223.12670948269383,53.505249881451164,26.50718801466388
04:57:15.760 ,17614.0,9109.0,432.31260156508296,223.56849594960488,51.78719139901925,25.52544031041707
04:57:15.780 ,17651.0,9127.0,433.22071819151125,224.01028241651596,50.56000676871073,24.298255680108557
04:57:15.801 ,17692.0,9147.0,434.22700958836424,224.50115626863936,49.57825906446392,23.80738182798515
04:57:15.820 ,17736.0,9169.0,435.30693206303573,225.0411175059751,49.33282213840222,24.052818754046854
04:57:15.840 ,17781.0,9191.0,436.41139823031335,225.58107874331085,50.56000676871073,24.54369260617026
04:57:15.861 ,17829.0,9214.0,437.58949547540954,226.14558367325276,52.76893910326606,25.770877236478775
04:57:15.880 ,17873.0,9237.0,438.669417950081,226.7100886031947,54.48699758569798,26.998061866787285
04:57:15.901 ,17915.0,9257.0,439.7002530395402,227.2009624553181,54.73243451175968,26.998061866787285
04:57:15.921 ,17954.0,9275.0,440.6574570511808,227.64274892222915,53.505249881451164,26.016314162540475
04:57:15.940 ,17993.0,9292.0,441.6146610628215,228.05999169653404,51.54175447295755,24.78912953223196
04:57:15.960 ,18035.0,9310.0,442.6454961522806,228.5017781634451,50.56000676871073,23.561944901923447
04:57:15.980 ,18076.0,9330.0,443.6517875491336,228.99265201556852,49.82369599052562,22.82563412373834
04:57:16.1 ,18122.0,9353.0,444.78079740901745,229.55715694551043,50.06913291658733,23.561944901923447
04:57:16.22 ,18165.0,9376.0,445.83617619108276,230.12166187545233,51.78719139901925,24.78912953223196
04:57:16.40 ,18209.0,9397.0,446.91609866575425,230.63707942018192,53.505249881451164,25.770877236478775
04:57:16.62 ,18254.0,9418.0,448.0205648330319,231.1524969649115,53.75068680751287,26.50718801466388
04:57:16.80 ,18291.0,9435.0,448.9286814594602,231.5697397392164,52.03262832508095,25.770877236478775
04:57:16.100 ,18327.0,9455.0,449.81225439328233,232.0606135913398,50.805443694772435,25.034566458293664
04:57:16.120 ,18373.0,9475.0,450.94126425316614,232.5514874434632,50.56000676871073,24.298255680108557
04:57:16.141 ,18416.0,9496.0,451.9966430352315,233.0669049881928,50.06913291658733,24.298255680108557
04:57:16.160 ,18459.0,9517.0,453.0520218172968,233.58232253292235,50.805443694772435,24.298255680108557
04:57:16.181 ,18506.0,9538.0,454.2055753697868,234.09774007765193,52.76893910326606,25.280003384355364
04:57:16.200 ,18548.0,9562.0,455.236410459246,234.68678870020003,54.24156065963628,26.261751088602175
04:57:16.220 ,18591.0,9584.0,456.2917892413113,235.22674993753577,53.505249881451164,26.752624940725582
04:57:16.240 ,18626.0,9605.0,457.15081848252726,235.74216748226533,51.78719139901925,26.752624940725582
04:57:16.260 ,18664.0,9625.0,458.0834788015617,236.23304133438873,49.82369599052562,26.50718801466388
04:57:16.281 ,18705.0,9647.0,459.08977019841467,236.77300257172448,49.33282213840222,26.752624940725582
04:57:16.301 ,18748.0,9668.0,460.14514898048003,237.28842011645406,49.08738521234052,26.016314162540475
04:57:16.320 ,18794.0,9690.0,461.27415884036384,237.8283813537898,49.82369599052562,26.016314162540475
04:57:16.341 ,18840.0,9713.0,462.40316870024765,238.3928862837317,52.03262832508095,26.50718801466388
04:57:16.360 ,18882.0,9734.0,463.4340037897068,238.9083038284613,53.75068680751287,26.752624940725582
04:57:16.380 ,18925.0,9753.0,464.4893825717721,239.37463398797854,53.99612373357457,26.016314162540475
04:57:16.400 ,18963.0,9770.0,465.4220428908066,239.79187676228344,52.76893910326606,25.034566458293664
04:57:16.420 ,18999.0,9787.0,466.3056158246288,240.20911953658833,50.31456984264903,23.80738182798515
04:57:16.440 ,19040.0,9807.0,467.3119072214817,240.69999338871173,49.57825906446392,23.071071049800047
04:57:16.460 ,19085.0,9827.0,468.4163733887594,241.19086724083513,49.08738521234052,22.82563412373834
04:57:16.480 ,19125.0,9849.0,469.3981210930062,241.73082847817088,49.08738521234052,23.561944901923447
04:57:16.502 ,19170.0,9873.0,470.50258726028386,242.31987710071897,50.805443694772435,25.280003384355364
04:57:16.520 ,19213.0,9896.0,471.55796604234916,242.88438203066087,52.76893910326606,26.752624940725582
04:57:16.540 ,19256.0,9917.0,472.6133448244145,243.39979957539046,53.01437602932776,26.998061866787285
04:57:16.561 ,19293.0,9935.0,473.5214614508428,243.84158604230151,51.54175447295755,26.50718801466388
04:57:16.580 ,19330.0,9952.0,474.4295780772711,244.2588288166064,49.82369599052562,25.280003384355364
04:57:16.600 ,19371.0,9972.0,475.4358694741241,244.7497026687298,49.33282213840222,24.298255680108557
04:57:16.620 ,19417.0,9993.0,476.5648793340079,245.2651202134594,49.33282213840222,23.80738182798515
04:57:16.641 ,19459.0,10015.0,477.5957144234671,245.80508145079514,49.82369599052562,24.052818754046854
04:57:16.670 ,19505.0,10037.0,478.7247242833509,246.3450426881309,52.03262832508095,25.034566458293664
04:57:16.681 ,19549.0,10059.0,479.8046467580224,246.88500392546663,54.24156065963628,26.261751088602175
04:57:16.701 ,19592.0,10079.0,480.8600255400877,247.37587777759003,53.75068680751287,26.261751088602175
04:57:16.721 ,19627.0,10097.0,481.71905478130367,247.8176642445011,52.03262832508095,25.52544031041707
04:57:16.740 ,19665.0,10111.0,482.65171510033815,248.16127594098748,50.06913291658733,23.561944901923447
04:57:16.760 ,19705.0,10125.0,483.63346280458495,248.50488763747387,49.08738521234052,21.598449493429825
04:57:16.780 ,19749.0,10143.0,484.71338527925644,248.94667410438493,49.08738521234052,20.61670178918302
04:57:16.800 ,19795.0,10165.0,485.84239513914025,249.48663534172067,49.82369599052562,21.107575641306422
04:57:16.821 ,19838.0,10189.0,486.8977739212056,250.07568396426876,51.78719139901925,22.580197197676636
04:57:16.841 ,19882.0,10212.0,487.9776963958771,250.6401888942107,53.505249881451164,24.78912953223196
04:57:16.860 ,19927.0,10236.0,489.0821625631547,251.22923751675876,53.75068680751287,27.24349879284899
04:57:16.880 ,19963.0,10258.0,489.9657354969769,251.7691987540945,52.52350217720435,28.2252464970958
04:57:16.900 ,20000.0,10278.0,490.8738521234052,252.26007260621793,50.31456984264903,27.734372644972392
04:57:16.920 ,20040.0,10299.0,491.855599827652,252.7754901509475,49.57825906446392,26.998061866787285
04:57:16.940 ,20084.0,10320.0,492.9355223023235,253.29090769567708,49.57825906446392,26.50718801466388
04:57:16.960 ,20127.0,10342.0,493.9909010843888,253.83086893301282,49.57825906446392,26.016314162540475
04:57:16.981 ,20171.0,10365.0,495.0708235590603,254.39537386295473,51.05088062083414,26.261751088602175
04:57:17.1 ,20215.0,10386.0,496.15074603373176,254.91079140768431,53.25981295538946,26.50718801466388
04:57:17.21 ,20257.0,10406.0,497.18158112319094,255.40166525980771,53.25981295538946,26.261751088602175
04:57:17.41 ,20297.0,10423.0,498.16332882743774,255.8189080341126,51.78719139901925,25.280003384355364
04:57:17.60 ,20332.0,10442.0,499.0223580686537,256.2852381936298,50.31456984264903,24.54369260617026
04:57:17.80 ,20375.0,10462.0,500.077736850719,256.7761120457532,50.06913291658733,23.80738182798515
04:57:17.100 ,20418.0,10483.0,501.1331156327843,257.2915295904828,49.82369599052562,23.80738182798515
04:57:17.121 ,20463.0,10505.0,502.237581800062,257.8314908278186,50.56000676871073,24.298255680108557
04:57:17.141 ,20510.0,10528.0,503.391135352552,258.3959957577605,52.27806525114265,25.770877236478775
04:57:17.160 ,20552.0,10551.0,504.4219704420112,258.9605006877024,53.99612373357457,26.752624940725582
04:57:17.181 ,20593.0,10574.0,505.42826183886416,259.5250056176443,53.505249881451164,27.48893571891069
04:57:17.202 ,20630.0,10594.0,506.33637846529246,260.0158794697677,52.03262832508095,27.24349879284899
04:57:17.220 ,20664.0,10614.0,507.17086401390225,260.50675332189115,49.33282213840222,26.752624940725582
04:57:17.240 ,20706.0,10635.0,508.20169910336136,261.0221708666207,48.596511360217114,26.261751088602175
04:57:17.260 ,20748.0,10656.0,509.23253419282054,261.53758841135027,48.10563750809371,25.770877236478775
04:57:17.280 ,20794.0,10678.0,510.36154405270435,262.07754964868604,48.84194828627882,25.52544031041707
04:57:17.301 ,20837.0,10698.0,511.4169228347697,262.56842350080944,50.805443694772435,25.52544031041707
04:57:17.321 ,20880.0,10719.0,512.472301616835,263.083841045539,53.01437602932776,25.770877236478775
04:57:17.340 ,20921.0,10738.0,513.4785930136879,263.55017120505624,52.76893910326606,25.280003384355364
04:57:17.361 ,20941.0,10754.0,513.9694668658113,263.94287028675495,47.3693267299086,24.052818754046854
04:57:17.380 ,20949.0,10753.0,514.1658164066607,263.91832659414877,38.5335973916873,18.407769454627694
04:57:17.401 ,20955.0,10751.0,514.3130785622977,263.86923920893645,28.961557275280903,13.008157081270237
04:57:17.420 ,20959.0,10750.0,514.4112533327225,263.84469551633026,19.389517158874504,7.60854470791278
04:57:17.440 ,20960.0,10750.0,514.4357970253286,263.84469551633026,9.5720401164064,2.945243112740431
04:57:17.461 ,20960.0,10750.0,514.4357970253286,263.84469551633026,4.663301595172349,-0.9817477042468103
04:57:17.480 ,20960.0,10750.0,514.4357970253286,263.84469551633026,2.699806186678728,-0.7363107781851077
04:57:17.500 ,20960.0,10751.0,514.4357970253286,263.86923920893645,1.227184630308513,0.0
04:57:17.520 ,20960.0,10751.0,514.4357970253286,263.86923920893645,0.2454369260617026,0.2454369260617026
04:57:17.540 ,20960.0,10751.0,514.4357970253286,263.86923920893645,0.0,0.2454369260617026
04:57:17.561 ,20960.0,10751.0,514.4357970253286,263.86923920893645,0.0,0.2454369260617026
